1 450 33 113 702
1 330 37 82 569
1 290 29 78 813
1 330 28 71 630
1 298 30 75 730
1 390 36 95 687
1 386 38 93 451
1 317 33 76 534
1 441 40 83 127
1 456 55 95 88
1 447 34 95 126
1 313 34 90 340
2 244 21 52 774
2 243 23 45 815
2 246 22 53 801
1 294 23 85 318
2 308 36 42 972
1 198 24 61 560
1 219 24 58 955
1 161 23 50 761
0 212 71 48 622
10 167 48 44 892
1 305 45 46 242
1 187 23 41 412
1 105 18 40 531
2 119 20 26 366
1 287 29 75 289
2 417 86 53 164
2 399 46 40 189
2 354 51 47 220
2 341 41 43 233
2 266 29 30 262
2 265 18 19 304
2 245 39 26 450
2 242 27 29 450
2 257 29 35 301
3 274 37 58 181
1 191 27 59 298
2 231 34 28 290
1 184 20 63 285
1 177 16 31 653
1 108 14 28 694
1 224 26 50 1193
1 232 19 51 993
1 76 17 31 471
1 165 22 54 308
2 268 32 43 117
1 89 17 38 665
0 74 71 44 569
0 63 112 45 658
1 45 13 22 491
1 82 17 29 338
1 102 18 35 217
2 45 13 27 308
1 44 14 14 342
1 174 20 54 148
1 86 17 32 300
1 95 16 31 248
1 82 15 35 245
2 247 31 29 284
1 114 20 37 186
1 121 27 45 170
1 160 23 49 81
1 203 25 60 74
1 64 18 19 121
1 184 26 57 24
1 99 17 35 47
1 99 15 33 43
1 84 17 45 42
2 111 19 31 13
