1 450 33 113 700
1 329 36 82 569
1 294 29 78 817
1 326 30 75 626
1 296 26 76 726
1 390 37 95 690
1 386 42 93 459
1 317 32 76 535
1 436 37 83 126
1 450 51 95 88
1 443 34 95 124
1 311 34 90 341
2 244 22 52 778
2 242 23 45 819
2 246 22 53 805
1 292 23 85 320
2 309 36 42 976
1 197 24 62 565
1 221 24 58 961
1 161 23 49 768
0 213 71 47 627
10 168 46 43 900
1 303 45 46 246
1 184 21 41 418
1 105 18 40 539
2 119 19 25 376
1 285 29 73 291
2 414 85 52 165
2 397 46 40 190
2 351 52 47 221
2 338 40 42 235
2 264 29 29 267
2 263 18 19 309
2 244 39 26 454
2 241 26 29 455
2 256 29 35 306
3 272 36 58 186
1 190 27 59 306
2 229 32 29 297
1 183 20 62 291
1 176 16 31 660
1 108 14 28 705
1 225 27 50 1199
1 224 15 53 984
1 75 17 31 479
1 164 22 53 316
2 265 32 44 122
1 89 17 36 673
0 74 72 44 577
0 61 94 42 688
1 45 13 22 500
1 81 16 28 348
1 101 17 35 229
2 44 13 27 323
1 44 14 14 353
1 171 19 53 164
1 86 17 32 311
1 94 16 32 259
1 82 15 35 256
2 245 31 30 290
1 113 21 38 193
1 120 27 45 177
1 159 22 48 91
1 198 25 60 89
1 63 19 19 131
1 182 26 56 37
1 98 17 35 60
1 98 15 34 55
1 83 17 45 55
2 110 19 31 26
