1 450 34 113 696
1 326 31 82 571
1 301 29 81 825
1 327 33 72 623
1 297 23 76 719
1 390 37 95 698
1 384 47 93 488
1 317 30 76 537
1 427 30 83 125
1 438 44 95 88
1 435 34 95 120
1 307 34 90 343
2 244 22 52 786
2 242 23 45 827
2 246 22 53 813
1 288 23 84 326
2 309 39 41 980
1 194 24 63 575
1 225 24 58 975
1 161 23 47 782
0 214 71 45 637
10 170 42 40 915
1 299 45 46 254
1 180 19 40 430
1 105 18 40 555
2 119 18 22 395
1 284 28 73 297
2 407 83 52 168
2 391 47 40 192
2 347 53 48 223
2 334 38 40 240
2 260 29 29 276
2 259 18 18 319
2 242 39 24 463
2 240 25 29 466
2 253 29 35 316
3 270 36 58 196
1 188 27 59 322
2 226 29 28 310
1 179 20 63 303
1 174 16 31 674
1 109 14 28 728
1 227 27 50 1213
1 240 21 51 1014
1 73 17 31 495
1 162 21 51 333
2 260 31 43 134
1 87 17 35 689
0 73 72 44 593
0 59 101 42 709
1 44 13 21 518
1 79 16 28 366
1 99 17 34 251
2 43 12 26 354
1 43 14 14 383
1 168 19 52 188
1 84 17 32 332
1 93 17 32 281
1 81 15 35 277
2 242 31 29 302
1 110 23 41 206
1 120 27 45 189
1 156 21 47 109
1 189 25 60 117
1 63 20 19 152
1 178 25 56 59
1 96 17 35 85
1 94 15 34 80
1 80 17 45 80
2 108 19 31 52
2 104 15 32 44
