1 450 34 113 705
1 332 40 82 568
1 289 29 76 799
1 329 32 71 627
1 299 32 76 735
1 390 36 95 682
1 382 36 92 446
1 316 34 77 534
1 445 40 83 128
1 463 59 96 88
1 452 34 100 128
1 315 33 90 339
2 244 20 53 770
2 243 23 45 810
2 246 22 53 796
1 296 23 86 314
2 306 36 42 968
1 200 24 60 554
1 218 24 58 947
1 161 23 51 753
0 211 71 50 615
10 165 51 46 882
1 307 46 47 238
1 190 22 42 406
1 105 18 40 521
2 119 21 28 354
1 290 29 76 286
2 421 86 53 163
2 403 45 40 188
2 358 50 46 219
2 344 42 45 230
2 268 29 30 257
2 267 17 21 298
2 246 40 27 444
2 243 27 29 444
2 259 29 35 295
3 277 38 58 175
1 193 27 59 290
2 233 36 29 282
1 186 20 63 278
1 179 16 31 645
1 108 14 28 680
1 223 26 50 1184
1 232 24 52 995
1 76 18 31 460
1 167 23 54 297
2 271 32 44 110
1 90 17 37 654
0 75 71 44 559
0 63 111 42 647
1 46 14 22 479
1 83 17 29 327
1 104 18 35 203
2 45 14 27 290
1 44 15 14 328
1 179 21 55 129
1 87 17 32 287
1 96 15 31 235
1 84 15 34 229
2 249 32 30 276
1 122 22 37 178
1 121 27 45 162
1 162 24 49 70
1 209 25 59 57
1 64 18 19 108
1 186 27 58 6
1 100 17 35 31
1 99 14 33 24
1 86 17 45 26
