1 449 38 116 709
1 335 39 82 568
1 288 29 74 781
1 329 37 70 624
1 300 28 76 738
1 390 36 95 676
1 377 34 90 441
1 316 33 75 537
1 449 36 83 130
1 472 65 96 88
1 458 34 105 130
1 317 34 91 337
2 244 19 53 764
2 243 23 45 804
2 246 22 53 790
1 299 23 86 310
2 305 36 42 962
1 202 24 59 546
1 216 24 59 938
1 161 23 52 742
0 210 71 52 608
10 165 52 46 871
1 311 46 47 234
1 194 20 44 400
1 105 18 40 508
2 121 21 27 339
1 294 29 77 282
2 426 84 53 165
2 408 47 45 186
2 362 48 46 218
2 348 43 47 227
2 272 29 31 249
2 270 17 21 291
2 248 40 28 437
2 244 29 30 436
2 261 29 35 287
3 281 39 58 169
1 195 27 59 281
2 235 39 29 272
1 189 20 63 269
1 180 16 31 635
1 107 14 28 663
1 221 26 51 1174
1 229 24 55 991
1 78 18 31 448
1 168 24 55 284
2 274 33 45 101
1 90 17 37 640
0 75 71 44 547
0 63 111 38 633
1 46 14 23 465
1 84 18 29 308
1 106 18 35 186
2 46 14 27 269
1 44 15 15 312
1 185 22 56 106
1 88 17 32 271
1 97 14 31 219
1 85 15 35 210
2 251 32 30 267
1 123 21 37 162
1 122 26 45 152
1 166 28 53 48
1 216 25 59 35
1 65 18 19 92
1 102 17 35 12
1 103 14 32 6
