1 450 33 113 697
1 326 31 82 571
1 300 29 81 825
1 326 33 74 623
1 297 23 76 720
1 390 37 95 697
1 385 47 93 482
1 317 31 76 536
1 428 31 83 125
1 440 45 95 88
1 436 34 95 121
1 308 33 89 343
2 244 22 52 785
2 242 23 45 826
2 246 22 53 812
1 288 23 85 325
2 309 38 41 980
1 194 25 63 573
1 224 24 59 973
1 161 23 48 780
0 214 71 45 635
10 170 42 40 913
1 300 45 46 253
1 180 20 41 428
1 105 18 40 553
2 119 18 22 393
1 284 29 73 296
2 408 83 52 168
2 392 47 40 192
2 348 53 47 223
2 334 38 40 239
2 260 29 29 275
2 260 18 18 317
2 243 39 24 462
2 240 25 29 465
2 253 29 35 315
3 270 36 58 195
1 189 27 59 320
2 226 30 29 308
1 180 20 63 301
1 175 16 31 672
1 109 14 28 725
1 227 27 49 1211
1 238 21 52 1013
1 73 17 31 493
1 162 21 52 331
2 261 32 43 132
1 87 17 35 687
0 73 72 44 591
0 59 100 42 707
1 44 13 21 516
1 80 15 27 364
1 99 17 34 248
2 43 13 27 350
1 43 14 14 379
1 168 19 52 185
1 84 17 32 329
1 93 17 32 278
1 81 15 35 274
2 243 31 29 301
1 110 23 41 204
1 120 27 45 188
1 156 21 48 107
1 190 25 60 114
1 63 20 19 150
1 178 25 56 57
1 96 17 35 82
1 94 15 35 77
1 80 17 45 77
2 108 19 31 48
2 104 15 32 40
