1 450 33 113 703
1 331 39 82 568
1 289 29 77 808
1 329 29 71 629
1 298 32 75 732
1 390 36 95 685
1 385 36 92 449
1 317 33 76 534
1 444 41 83 128
1 459 57 95 88
1 449 34 97 127
1 313 34 91 339
2 244 21 52 772
2 243 23 45 813
2 246 22 53 799
1 295 23 85 316
2 307 36 42 971
1 199 25 61 557
1 218 24 59 952
1 161 23 50 758
0 212 71 49 619
10 166 49 45 888
1 306 45 46 240
1 188 23 41 409
1 105 18 40 527
2 119 21 27 361
1 288 30 75 287
2 419 87 53 163
2 401 45 40 189
2 355 50 47 220
2 342 41 44 232
2 267 29 30 260
2 266 17 20 302
2 246 40 26 447
2 243 27 29 448
2 258 29 35 299
3 275 38 58 178
1 192 27 59 294
2 232 35 28 287
1 185 20 63 282
1 178 16 31 650
1 108 14 28 688
1 224 26 50 1189
1 236 23 51 1001
1 76 18 31 466
1 166 23 53 303
2 269 32 44 114
1 90 17 38 661
0 74 71 44 565
0 63 111 44 654
1 45 14 23 486
1 83 16 28 334
1 103 17 35 212
2 45 13 27 301
1 44 15 14 336
1 176 21 55 140
1 87 17 32 295
1 95 15 32 243
1 83 15 35 239
2 248 31 29 281
1 115 20 36 183
1 121 27 45 167
1 161 23 49 77
1 205 25 60 67
1 64 18 19 116
1 184 26 58 17
1 99 17 35 41
1 99 15 33 35
1 85 17 45 36
2 112 19 31 6
