1 450 33 113 702
1 330 37 82 569
1 291 29 78 814
1 329 28 72 629
1 297 29 76 729
1 390 36 95 688
1 386 39 93 453
1 317 33 76 534
1 440 39 83 127
1 454 54 96 88
1 446 34 95 126
1 312 34 90 340
2 244 21 52 775
2 243 23 45 816
2 246 22 53 802
1 293 23 85 318
2 308 36 42 973
1 198 25 61 561
1 219 24 58 956
1 161 23 50 763
0 212 71 48 623
10 167 47 44 894
1 304 45 46 243
1 186 23 41 413
1 105 18 40 533
2 119 20 26 369
1 287 29 74 289
2 416 86 53 164
2 399 46 40 189
2 353 52 47 220
2 340 41 43 233
2 265 29 30 264
2 264 18 20 305
2 245 39 26 451
2 242 26 29 452
2 257 29 35 302
3 273 37 58 182
1 191 27 59 300
2 230 34 29 292
1 184 20 63 287
1 177 16 31 655
1 108 14 28 696
1 224 27 50 1194
1 226 15 52 982
1 75 17 31 473
1 165 22 53 310
2 267 32 44 118
1 89 17 37 667
0 74 71 44 571
0 63 112 46 661
1 45 13 22 493
1 82 16 28 341
1 102 17 35 220
2 45 13 27 312
1 44 15 14 344
1 173 20 54 152
1 86 17 32 303
1 95 16 31 251
1 82 15 35 248
2 247 32 29 285
1 114 20 37 188
1 121 27 45 172
1 160 22 48 84
1 202 25 60 78
1 64 18 19 124
1 183 26 57 27
1 99 17 35 50
1 99 15 33 47
1 84 17 45 45
2 111 19 31 16
