1 450 36 114 707
1 333 40 82 568
1 289 29 74 790
1 329 34 71 626
1 300 30 76 738
1 390 36 95 679
1 379 35 92 443
1 316 33 76 536
1 447 38 83 129
1 467 62 96 88
1 455 34 102 129
1 316 34 91 338
2 244 20 53 767
2 243 23 45 807
2 246 22 53 793
1 297 23 87 312
2 306 36 42 965
1 201 24 60 550
1 217 24 58 943
1 161 23 51 748
0 211 71 50 612
10 165 52 47 877
1 309 46 47 236
1 192 21 43 403
1 105 18 40 516
2 120 21 28 346
1 292 29 76 284
2 423 85 53 164
2 405 46 42 187
2 360 49 46 218
2 346 42 46 229
2 270 29 30 253
2 269 18 20 294
2 247 39 28 441
2 244 28 29 440
2 260 29 35 291
3 279 38 58 172
1 194 27 59 285
2 234 38 29 277
1 188 20 62 273
1 179 16 31 640
1 108 14 28 671
1 222 26 50 1179
1 229 27 55 995
1 77 18 31 454
1 168 23 54 291
2 273 33 44 105
1 90 17 37 647
0 75 71 44 553
0 63 111 40 640
1 46 14 23 472
1 84 17 29 318
1 105 17 35 195
2 46 14 27 279
1 44 15 15 320
1 182 22 56 117
1 88 17 32 279
1 96 14 31 227
1 84 15 35 220
2 250 32 30 271
1 122 21 37 170
1 121 27 45 158
1 164 25 51 60
1 212 25 60 46
1 64 17 19 100
1 101 17 35 22
1 101 14 32 15
1 87 17 45 17
