1 450 34 113 699
1 328 34 82 570
1 295 29 80 820
1 324 31 77 624
1 296 23 76 725
1 390 37 95 692
1 386 44 93 463
1 317 32 76 535
1 434 35 83 126
1 447 49 95 88
1 441 34 95 123
1 310 33 90 342
2 244 22 52 780
2 242 23 45 821
2 246 22 53 807
1 291 23 85 322
2 309 36 42 978
1 196 25 62 567
1 222 24 58 964
1 161 23 49 771
0 213 71 47 629
10 169 45 41 903
1 302 45 46 248
1 183 21 41 421
1 105 18 40 543
2 119 19 24 381
1 284 29 73 293
2 412 85 53 166
2 395 46 40 191
2 350 53 47 221
2 337 40 41 236
2 263 29 29 269
2 262 18 19 311
2 244 40 25 456
2 241 25 29 458
2 255 29 35 309
3 272 37 58 188
1 190 27 59 310
2 228 32 29 300
1 182 20 63 294
1 176 16 31 664
1 108 14 28 710
1 226 26 49 1203
1 229 19 52 997
1 74 17 31 483
1 163 22 53 320
2 264 32 43 125
1 88 17 36 677
0 74 72 43 581
0 60 91 41 698
1 44 14 22 504
1 81 16 28 352
1 101 17 34 234
2 44 13 27 331
1 43 14 14 360
1 170 19 53 170
1 85 17 32 316
1 94 17 32 264
1 82 15 35 261
2 245 31 29 293
1 112 22 39 196
1 120 27 45 180
1 158 22 48 95
1 196 25 60 96
1 63 19 19 137
1 181 25 56 44
1 97 17 35 66
1 97 15 34 61
1 82 17 45 61
2 110 19 31 32
2 106 15 32 23
