1 450 36 114 706
1 333 41 82 568
1 289 29 75 793
1 329 34 71 626
1 300 31 76 737
1 390 36 95 680
1 380 35 92 444
1 316 34 76 535
1 447 38 83 129
1 466 61 96 88
1 454 35 101 128
1 316 34 90 338
2 244 20 53 768
2 243 23 45 808
2 246 22 53 794
1 297 23 86 313
2 306 36 42 966
1 201 24 60 551
1 217 24 59 944
1 161 23 51 749
0 211 71 50 613
10 165 52 46 878
1 309 46 47 237
1 191 21 43 404
1 105 18 40 517
2 119 21 28 349
1 291 30 76 284
2 423 85 53 164
2 404 46 41 187
2 359 49 46 219
2 345 42 46 229
2 270 29 30 255
2 268 17 21 296
2 247 39 27 442
2 244 28 29 441
2 260 29 34 292
3 278 38 58 173
1 194 27 59 287
2 234 37 29 279
1 187 20 63 275
1 179 16 31 642
1 108 14 28 674
1 222 26 51 1181
1 230 26 54 995
1 77 18 31 456
1 167 23 55 293
2 272 33 44 107
1 90 17 37 649
0 75 71 44 555
0 63 112 40 642
1 46 14 22 474
1 84 17 29 321
1 105 17 35 198
2 46 14 27 283
1 44 14 15 323
1 181 22 55 121
1 87 17 32 281
1 96 15 31 229
1 84 15 35 223
2 250 32 29 273
1 122 22 37 172
1 121 27 45 159
1 163 24 50 64
1 211 25 60 49
1 64 17 19 103
1 187 27 59 0
1 101 17 35 25
1 100 14 33 18
1 87 17 45 20
