1 450 33 113 696
1 326 31 82 571
1 302 28 81 826
1 327 33 72 623
1 298 23 76 718
1 390 37 95 699
1 384 47 93 495
1 317 30 76 537
1 426 30 83 125
1 437 43 95 88
1 434 34 95 120
1 307 33 89 344
2 244 22 52 787
2 242 23 45 828
2 246 22 53 814
1 288 23 84 327
2 308 39 42 980
1 194 25 63 576
1 225 24 59 976
1 161 23 47 783
0 214 71 45 638
10 171 41 39 917
1 299 45 46 255
1 179 19 40 431
1 105 18 40 557
2 119 18 22 397
1 284 29 73 297
2 406 83 52 168
2 391 47 40 193
2 347 52 48 224
2 333 37 40 241
2 259 29 29 277
2 259 18 17 320
2 242 39 24 464
2 239 25 29 467
2 253 29 35 318
3 269 35 58 198
1 188 27 59 324
2 226 28 28 312
1 179 20 63 304
1 174 16 31 675
1 110 14 28 731
1 228 27 49 1214
1 241 20 51 1015
1 73 17 31 497
1 161 21 52 335
2 259 31 44 135
1 87 17 35 691
0 73 72 44 595
0 58 103 43 711
1 44 13 21 521
1 79 15 27 369
1 98 17 35 254
2 43 12 26 358
1 43 14 14 387
1 168 19 51 191
1 84 17 32 335
1 93 18 32 283
1 81 15 35 279
2 242 31 29 304
1 110 23 41 208
1 120 27 45 191
1 156 20 47 112
1 188 25 60 121
1 63 20 19 155
1 177 25 56 62
1 95 17 35 88
1 93 15 35 84
1 80 17 45 83
2 107 19 31 55
2 104 15 32 47
