1 450 33 113 701
1 329 36 82 569
1 293 29 78 816
1 327 29 74 627
1 297 27 75 727
1 390 36 95 690
1 386 41 93 457
1 317 32 76 535
1 438 37 83 127
1 451 52 96 88
1 444 34 95 125
1 311 33 90 341
2 244 22 52 777
2 243 23 45 818
2 246 22 53 804
1 292 23 85 320
2 308 36 42 975
1 197 25 62 563
1 220 24 58 959
1 161 23 49 766
0 212 71 48 625
10 168 46 43 898
1 303 45 46 245
1 185 22 41 416
1 105 18 40 537
2 119 20 25 373
1 285 29 74 291
2 415 85 52 165
2 397 46 40 190
2 352 52 47 221
2 339 41 42 234
2 264 29 30 266
2 263 17 20 308
2 245 39 25 453
2 242 26 29 454
2 256 29 35 305
3 273 37 58 184
1 191 27 59 304
2 230 33 28 295
1 183 20 63 289
1 177 16 31 659
1 108 14 28 702
1 225 26 50 1198
1 222 13 53 977
1 75 17 31 477
1 164 22 53 314
2 266 32 43 121
1 89 17 37 671
0 74 72 44 575
0 62 100 43 679
1 45 13 22 498
1 81 17 29 345
1 101 17 35 226
2 44 13 27 319
1 44 14 14 350
1 171 19 54 160
1 86 17 32 308
1 94 16 32 256
1 82 15 35 253
2 246 32 29 288
1 113 21 38 191
1 121 27 45 175
1 159 23 48 88
1 200 25 59 85
1 64 19 19 129
1 182 25 57 34
1 98 17 35 56
1 98 15 34 53
1 83 17 45 51
2 110 19 31 22
