1 450 33 113 700
1 328 34 82 570
1 294 29 80 819
1 325 30 76 625
1 296 25 76 725
1 390 37 95 691
1 386 43 93 461
1 317 32 76 535
1 435 36 83 126
1 448 50 96 88
1 442 34 95 124
1 310 34 90 341
2 244 22 52 779
2 242 23 45 820
2 246 22 53 806
1 291 23 85 321
2 309 36 42 977
1 196 25 62 566
1 221 24 58 963
1 161 23 49 770
0 213 71 47 628
10 168 46 42 901
1 302 45 46 247
1 184 21 40 419
1 105 18 40 541
2 119 19 24 378
1 284 29 73 292
2 413 84 52 166
2 396 47 40 190
2 351 52 47 221
2 337 40 42 235
2 263 29 30 268
2 263 18 18 310
2 244 39 25 455
2 241 25 29 457
2 255 29 35 307
3 272 36 58 187
1 190 27 59 308
2 229 31 28 299
1 182 20 63 292
1 176 16 31 662
1 108 14 28 707
1 226 26 49 1201
1 227 17 52 990
1 75 17 31 481
1 164 22 52 318
2 264 32 44 124
1 88 17 37 675
0 74 72 44 579
0 61 89 41 697
1 45 13 21 502
1 81 16 28 350
1 101 18 34 231
2 44 13 27 327
1 43 14 14 356
1 170 19 53 167
1 85 17 32 313
1 94 16 32 262
1 82 15 35 258
2 245 31 29 292
1 112 22 39 194
1 120 27 45 178
1 159 22 48 93
1 197 25 60 92
1 63 19 19 134
1 181 25 57 41
1 97 17 35 63
1 98 15 34 58
1 82 17 45 58
2 110 19 31 29
2 107 15 32 20
