1 450 34 113 697
1 327 33 82 570
1 299 29 81 825
1 326 32 74 623
1 297 23 76 721
1 390 37 95 696
1 385 47 93 475
1 317 31 76 536
1 429 32 83 125
1 441 46 95 88
1 437 34 95 121
1 308 33 90 343
2 244 22 52 784
2 242 23 45 825
2 246 22 53 811
1 289 23 84 324
2 309 37 42 980
1 195 25 63 572
1 224 24 58 971
1 161 23 48 778
0 214 71 45 634
10 170 43 40 911
1 300 45 46 252
1 181 19 40 427
1 105 18 40 551
2 119 18 23 390
1 284 29 73 295
2 409 84 52 167
2 393 46 40 192
2 348 52 48 223
2 335 39 40 238
2 261 29 29 274
2 260 18 18 316
2 243 39 24 461
2 240 25 29 463
2 254 29 35 314
3 270 35 58 194
1 189 27 59 318
2 227 29 28 307
1 180 20 63 300
1 175 16 31 670
1 108 14 28 722
1 227 27 49 1209
1 237 22 51 1012
1 74 17 31 491
1 162 21 52 329
2 261 31 44 131
1 88 17 35 685
0 73 72 44 589
0 59 97 42 706
1 44 13 22 514
1 80 15 27 362
1 99 17 35 246
2 43 13 27 346
1 43 14 14 376
1 169 19 52 182
1 85 17 32 327
1 93 17 32 275
1 81 15 35 271
2 243 31 29 299
1 111 22 40 203
1 120 27 45 186
1 157 21 47 105
1 191 25 60 110
1 63 20 19 147
1 179 25 56 55
1 96 17 35 79
1 95 15 34 74
1 81 17 45 74
2 108 19 31 45
2 105 15 32 37
