1 449 38 116 708
1 334 40 82 568
1 288 29 74 784
1 329 36 70 625
1 300 29 76 738
1 390 36 95 677
1 378 34 90 442
1 316 33 76 537
1 449 36 83 130
1 470 64 96 88
1 457 35 104 129
1 317 34 91 337
2 244 20 53 765
2 243 23 45 805
2 246 22 53 791
1 298 23 87 311
2 305 36 42 963
1 202 25 59 547
1 216 24 59 940
1 161 23 52 744
0 210 71 52 609
10 165 52 46 873
1 310 46 48 235
1 194 21 43 401
1 105 18 40 510
2 120 21 28 341
1 293 30 77 282
2 425 84 53 165
2 407 47 44 186
2 361 48 46 218
2 347 42 47 228
2 271 29 31 250
2 269 17 22 292
2 248 40 27 438
2 244 29 30 437
2 261 29 34 288
3 280 39 59 170
1 195 27 59 283
2 235 38 29 274
1 188 20 63 270
1 180 16 31 637
1 107 14 28 666
1 221 26 51 1176
1 229 25 55 992
1 77 18 31 450
1 168 24 55 286
2 274 33 44 103
1 90 17 37 642
0 75 71 44 549
0 63 111 38 636
1 46 13 23 468
1 84 17 29 312
1 105 18 36 189
2 46 14 27 272
1 44 14 15 315
1 184 22 56 110
1 88 17 32 273
1 96 14 31 221
1 85 15 34 213
2 251 32 30 268
1 123 22 37 164
1 122 27 45 155
1 165 27 53 52
1 215 25 59 39
1 65 17 19 95
1 101 17 35 15
1 102 14 32 9
