1 450 33 113 699
1 328 34 82 570
1 296 29 80 821
1 324 32 76 623
1 296 23 76 724
1 390 37 95 693
1 386 45 93 465
1 317 31 76 536
1 433 34 83 126
1 446 49 95 88
1 440 34 95 123
1 309 33 90 342
2 244 22 52 781
2 242 23 45 822
2 246 22 53 808
1 290 23 85 322
2 309 36 42 979
1 196 25 62 568
1 222 24 58 966
1 161 23 48 773
0 213 71 47 630
10 169 45 41 905
1 301 45 46 249
1 183 21 40 422
1 105 18 40 545
2 119 19 24 383
1 284 29 73 293
2 411 85 53 166
2 395 46 40 191
2 350 52 47 222
2 336 40 41 236
2 262 29 30 270
2 262 17 18 313
2 244 40 24 457
2 241 25 29 459
2 255 29 35 310
3 271 36 58 190
1 190 27 59 312
2 228 31 28 302
1 181 20 63 295
1 176 16 31 665
1 108 14 28 713
1 226 27 50 1204
1 231 21 52 1003
1 74 17 31 485
1 163 22 52 322
2 263 31 44 127
1 88 17 36 679
0 73 72 44 583
0 60 93 41 700
1 44 13 22 507
1 81 15 27 355
1 100 17 35 237
2 44 12 26 335
1 43 14 14 364
1 170 19 52 173
1 85 17 32 319
1 94 17 32 267
1 82 15 35 264
2 244 31 29 295
1 112 22 39 198
1 120 27 45 181
1 158 21 48 98
1 195 25 60 99
1 63 20 19 139
1 181 25 56 48
1 97 17 35 69
1 96 15 35 64
1 82 17 45 64
2 109 19 31 35
2 106 15 32 26
