1 450 37 115 708
1 334 40 82 568
1 288 29 75 787
1 329 35 70 625
1 301 30 76 739
1 390 36 95 678
1 378 35 92 442
1 316 33 76 536
1 448 38 83 129
1 469 63 96 88
1 456 35 103 129
1 316 34 91 337
2 244 20 53 766
2 243 23 45 806
2 246 22 53 792
1 298 23 86 311
2 305 36 42 964
1 201 24 60 549
1 216 24 59 941
1 161 23 52 746
0 210 71 51 610
10 165 52 46 875
1 310 46 47 235
1 193 21 43 402
1 105 18 40 513
2 120 21 28 344
1 293 29 76 283
2 424 85 53 164
2 406 47 43 186
2 361 49 46 218
2 346 42 47 228
2 271 29 30 252
2 269 17 21 293
2 247 40 28 439
2 244 28 29 439
2 261 29 34 290
3 280 39 58 171
1 194 27 59 284
2 234 38 29 276
1 188 20 63 272
1 180 16 31 638
1 108 14 28 669
1 222 25 50 1178
1 229 26 55 993
1 77 18 31 452
1 168 24 54 288
2 273 33 44 104
1 90 17 37 644
0 75 71 44 551
0 63 111 39 638
1 46 14 23 470
1 84 17 29 315
1 105 17 35 192
2 46 14 27 276
1 44 15 15 317
1 183 22 56 113
1 88 17 32 276
1 96 14 31 224
1 85 15 34 216
2 251 32 29 270
1 123 21 36 167
1 121 27 45 156
1 165 26 51 56
1 214 25 59 42
1 65 17 19 98
1 101 17 35 18
1 101 14 33 12
1 88 17 45 14
