1 450 33 113 698
1 327 33 82 570
1 298 29 80 823
1 325 32 75 623
1 296 23 76 722
1 390 37 95 695
1 386 47 93 469
1 317 31 76 536
1 430 33 83 125
1 443 47 95 88
1 438 34 95 122
1 309 33 89 343
2 244 22 52 783
2 242 23 45 824
2 246 22 53 810
1 289 23 85 324
2 309 36 42 980
1 195 25 63 571
1 223 24 59 970
1 161 23 48 777
0 213 71 46 633
10 169 44 41 909
1 301 45 46 251
1 181 20 41 425
1 105 18 40 549
2 119 18 23 388
1 284 28 73 295
2 409 84 53 167
2 393 47 40 191
2 349 53 47 222
2 335 40 41 237
2 261 29 29 273
2 261 18 18 315
2 243 39 24 460
2 240 25 29 462
2 254 29 35 313
3 271 36 58 192
1 189 27 59 316
2 227 30 29 305
1 180 20 63 298
1 175 16 31 669
1 108 14 28 719
1 227 26 49 1208
1 235 22 52 1011
1 74 17 31 489
1 163 21 52 327
2 262 31 43 130
1 88 17 35 683
0 73 72 44 587
0 59 96 42 704
1 44 14 22 511
1 80 16 28 359
1 100 17 34 243
2 43 13 27 342
1 43 14 14 372
1 169 19 52 179
1 85 17 32 324
1 94 17 31 273
1 81 15 35 269
2 243 31 30 298
1 111 22 40 201
1 120 27 45 184
1 157 22 48 102
1 193 25 59 107
1 63 20 19 144
1 179 25 56 52
1 96 17 35 75
1 95 15 35 71
1 81 17 45 70
2 109 19 31 42
2 105 15 32 33
