1 450 33 113 701
1 329 36 82 569
1 292 29 78 815
1 328 29 73 628
1 297 28 75 728
1 390 36 95 689
1 386 40 93 455
1 317 32 76 535
1 439 38 83 127
1 453 53 95 88
1 445 34 95 125
1 312 33 90 341
2 244 21 52 776
2 243 23 45 817
2 246 22 53 803
1 293 23 85 319
2 308 36 42 974
1 197 25 62 562
1 220 24 58 958
1 161 23 49 765
0 212 71 48 624
10 167 47 44 896
1 304 45 46 244
1 185 22 41 415
1 105 18 40 535
2 119 20 25 371
1 286 29 74 290
2 415 85 53 165
2 398 45 40 190
2 352 52 47 220
2 339 40 43 234
2 265 29 29 265
2 264 18 19 306
2 245 39 25 452
2 242 26 29 453
2 257 29 34 304
3 273 37 58 183
1 191 27 59 302
2 230 33 29 294
1 183 20 63 288
1 177 16 31 657
1 108 14 28 699
1 225 26 49 1196
1 220 11 53 971
1 75 17 31 475
1 165 22 53 312
2 266 32 44 120
1 89 17 37 669
0 74 72 44 573
0 62 106 45 670
1 45 14 22 495
1 82 16 28 343
1 102 17 34 223
2 44 13 27 315
1 44 14 14 347
1 172 19 54 156
1 86 17 32 305
1 95 16 31 254
1 82 15 35 250
2 246 31 30 287
1 113 21 38 189
1 121 27 45 173
1 160 23 48 86
1 201 25 59 82
1 64 19 19 126
1 183 26 57 30
1 98 17 35 53
1 99 15 34 51
1 84 17 45 48
2 111 19 31 19
