1 450 34 113 698
1 327 33 82 570
1 297 29 80 822
1 325 32 75 623
1 296 23 76 723
1 390 37 95 694
1 386 46 93 467
1 317 31 76 536
1 432 33 83 126
1 444 48 95 88
1 439 34 95 122
1 309 34 90 342
2 244 22 52 782
2 242 23 45 823
2 246 22 53 809
1 290 23 84 323
2 310 36 42 980
1 195 24 63 570
1 223 24 58 968
1 161 23 48 775
0 213 71 46 632
10 169 44 41 907
1 301 45 46 250
1 182 20 41 424
1 105 18 40 547
2 119 19 23 385
1 284 29 73 294
2 410 84 53 167
2 394 47 40 191
2 349 52 48 222
2 336 40 41 237
2 262 29 29 271
2 261 18 18 314
2 243 39 25 459
2 241 25 29 461
2 254 29 35 311
3 271 36 58 191
1 189 27 59 314
2 228 31 28 303
1 181 20 63 297
1 175 16 31 667
1 108 14 28 716
1 226 27 50 1206
1 234 23 52 1010
1 74 17 31 487
1 163 21 52 325
2 263 32 43 128
1 88 17 36 681
0 73 72 44 585
0 60 94 41 702
1 44 13 22 509
1 80 16 28 357
1 100 17 34 240
2 44 12 26 339
1 43 14 14 368
1 169 19 53 176
1 85 17 32 321
1 94 17 31 270
1 81 15 35 266
2 244 31 29 296
1 111 22 40 199
1 120 27 45 183
1 157 21 48 100
1 194 25 60 103
1 63 19 19 142
1 180 25 56 50
1 97 17 35 72
1 96 15 34 67
1 81 17 45 67
2 109 19 31 39
2 105 15 32 30
