1 450 34 113 704
1 331 39 82 568
1 289 29 76 802
1 329 31 71 628
1 299 33 75 734
1 390 36 95 683
1 383 36 92 447
1 316 34 77 534
1 445 40 83 128
1 461 58 96 88
1 451 35 99 127
1 314 34 91 339
2 244 20 53 771
2 243 23 45 811
2 246 22 53 797
1 295 23 86 315
2 307 36 42 969
1 200 24 60 555
1 218 24 58 949
1 161 23 51 754
0 211 71 50 617
10 166 50 45 884
1 307 45 46 239
1 189 22 42 407
1 105 18 40 523
2 119 21 28 357
1 290 29 75 286
2 421 87 53 163
2 402 45 40 188
2 357 50 46 219
2 343 41 45 231
2 268 29 30 258
2 267 18 20 299
2 246 40 27 445
2 243 27 29 445
2 259 29 34 296
3 276 38 58 176
1 193 27 59 291
2 232 36 29 284
1 186 20 63 279
1 178 16 31 647
1 108 14 28 682
1 223 26 50 1186
1 234 23 51 995
1 76 18 31 462
1 166 23 54 299
2 270 33 44 111
1 90 17 37 656
0 75 71 43 561
0 63 112 42 649
1 45 14 23 481
1 83 17 29 329
1 104 17 34 206
2 45 13 27 294
1 44 14 14 331
1 178 21 55 133
1 87 17 32 289
1 95 15 32 237
1 83 15 35 233
2 249 31 29 278
1 119 22 37 179
1 121 27 45 164
1 162 24 49 72
1 208 25 59 60
1 64 17 19 111
1 185 26 59 10
1 100 17 35 34
1 99 15 33 27
1 86 17 45 29
2 113 19 31 0
