1 450 33 113 703
1 330 37 82 569
1 290 29 77 812
1 329 29 71 629
1 298 31 75 731
1 390 36 95 686
1 386 37 93 450
1 317 33 76 534
1 442 41 83 127
1 457 56 96 88
1 448 34 96 126
1 313 33 90 340
2 244 21 52 773
2 243 23 45 814
2 246 22 53 800
1 294 23 86 317
2 307 36 42 971
1 199 24 61 559
1 219 24 58 953
1 161 23 50 760
0 212 71 48 620
10 167 48 44 890
1 305 45 46 241
1 187 23 41 410
1 105 18 40 529
2 119 20 26 364
1 288 29 74 288
2 418 86 53 164
2 400 45 40 189
2 355 51 46 220
2 341 41 44 232
2 266 29 30 261
2 265 17 20 303
2 245 40 27 448
2 242 27 30 449
2 258 29 34 300
3 274 38 58 179
1 192 27 59 296
2 231 34 29 289
1 185 20 62 284
1 178 16 31 652
1 108 14 28 691
1 224 26 50 1191
1 238 23 51 1005
1 76 18 31 468
1 165 23 54 305
2 268 33 44 115
1 89 17 38 663
0 74 71 44 567
0 63 112 44 656
1 45 14 22 488
1 82 17 29 336
1 103 18 34 214
2 45 14 27 304
1 44 14 14 339
1 175 20 54 144
1 86 17 32 297
1 95 15 31 246
1 83 15 35 243
2 247 32 30 282
1 114 20 37 184
1 121 27 45 169
1 161 23 48 79
1 204 25 60 71
1 64 19 19 118
1 184 26 58 20
1 99 17 35 44
1 99 15 33 39
1 85 17 45 39
2 112 19 31 9
