1 450 34 113 695
1 325 30 82 571
1 304 28 81 826
1 328 33 71 623
1 298 23 76 716
1 390 37 95 700
1 383 47 93 508
1 317 30 76 537
1 426 30 83 125
1 434 41 95 88
1 434 34 95 120
1 306 33 89 344
2 244 22 52 789
2 242 23 45 830
2 246 22 53 816
1 288 23 84 327
2 308 41 41 980
1 193 25 64 578
1 226 24 59 980
1 161 23 47 787
0 214 71 45 640
10 171 40 39 921
1 298 45 46 257
1 178 18 40 434
1 105 18 40 561
2 119 17 21 402
1 284 28 73 299
2 404 82 52 169
2 391 47 40 193
2 346 53 48 224
2 332 35 39 243
2 258 29 29 279
2 258 18 17 322
2 242 39 23 466
2 239 25 29 470
2 252 29 35 320
3 269 35 58 200
1 188 27 59 328
2 225 27 28 315
1 178 20 63 307
1 174 16 31 679
1 111 14 28 737
1 228 27 49 1218
1 242 23 51 1018
1 73 17 31 501
1 161 21 51 339
2 258 31 43 138
1 87 17 34 695
0 73 72 44 599
0 58 106 43 715
1 44 13 21 525
1 79 15 27 373
1 98 17 34 260
2 43 12 26 366
1 43 14 14 395
1 167 19 51 197
1 84 17 32 340
1 93 18 32 289
1 81 15 35 285
2 241 31 29 307
1 109 24 42 211
1 120 27 45 194
1 155 20 47 116
1 186 25 60 128
1 63 21 19 160
1 176 25 56 66
1 95 17 35 94
1 92 15 35 90
1 79 17 45 89
2 107 19 31 61
2 103 15 32 54
