1 450 34 113 695
1 325 30 82 571
1 303 28 81 826
1 328 33 71 623
1 298 23 76 717
1 390 37 95 700
1 383 47 93 501
1 317 30 76 537
1 426 30 83 125
1 435 42 95 88
1 434 34 95 120
1 306 33 90 344
2 244 22 52 788
2 242 23 45 829
2 246 22 53 815
1 288 23 84 327
2 308 40 41 980
1 193 25 64 577
1 226 24 58 978
1 161 23 47 785
0 214 71 45 639
10 171 41 39 919
1 298 45 46 256
1 179 18 40 433
1 105 18 40 559
2 119 17 21 400
1 284 28 73 298
2 405 82 52 169
2 391 47 40 193
2 346 53 48 224
2 333 36 39 242
2 259 29 29 278
2 258 18 18 321
2 242 39 23 465
2 239 25 29 469
2 252 29 35 319
3 269 35 58 199
1 188 27 59 326
2 225 28 28 313
1 178 20 63 306
1 174 16 31 677
1 110 14 28 734
1 228 27 49 1216
1 243 19 51 1017
1 73 17 31 499
1 161 21 51 337
2 259 31 43 137
1 87 17 34 693
0 73 72 44 597
0 58 104 43 713
1 44 13 21 523
1 79 15 27 371
1 98 17 34 257
2 43 12 26 362
1 43 14 14 391
1 167 19 52 194
1 84 17 32 337
1 93 18 32 286
1 81 15 35 282
2 241 31 29 305
1 109 24 42 209
1 120 27 45 192
1 155 20 47 114
1 187 25 60 124
1 63 21 19 157
1 177 25 56 64
1 95 17 35 91
1 93 15 34 87
1 79 17 45 86
2 107 19 31 58
2 103 15 32 51
