1 451 33 112 704
1 331 39 82 568
1 289 29 77 805
1 329 30 71 628
1 299 34 75 733
1 390 36 95 684
1 384 36 92 448
1 317 34 77 534
1 444 40 83 128
1 460 57 96 88
1 450 34 98 127
1 314 34 90 339
2 244 21 52 771
2 243 23 45 812
2 246 22 53 798
1 295 23 86 315
2 307 36 42 970
1 199 24 61 556
1 218 24 58 950
1 161 23 50 756
0 211 71 50 618
10 166 50 45 886
1 306 46 47 239
1 189 23 41 408
1 105 18 40 525
2 119 21 27 359
1 289 29 75 287
2 420 87 53 163
2 401 46 40 188
2 356 51 47 219
2 343 42 44 231
2 267 29 30 259
2 266 18 20 300
2 246 40 27 446
2 243 27 29 446
2 258 29 35 297
3 276 38 58 177
1 192 27 59 293
2 232 35 29 286
1 185 20 63 281
1 178 16 31 648
1 108 14 28 685
1 223 26 50 1188
1 235 23 51 998
1 76 18 31 464
1 166 23 54 301
2 269 33 44 112
1 90 17 37 658
0 74 71 44 563
0 63 112 43 651
1 45 13 23 484
1 83 17 29 331
1 103 17 35 209
2 45 14 27 297
1 44 14 14 334
1 177 20 55 137
1 87 17 32 292
1 95 15 32 240
1 83 15 35 236
2 248 32 30 279
1 117 21 36 181
1 121 27 45 166
1 161 24 49 74
1 207 25 59 64
1 64 18 19 113
1 185 27 58 13
1 100 17 35 37
1 99 15 33 31
1 85 17 45 32
2 112 19 31 3
