1 450 35 114 706
1 332 40 82 568
1 289 29 75 796
1 329 32 71 627
1 300 32 75 736
1 390 36 95 681
1 381 36 92 445
1 316 33 77 535
1 446 38 83 129
1 464 60 96 88
1 453 34 101 128
1 315 34 91 338
2 244 20 53 769
2 243 23 45 809
2 246 22 53 795
1 296 23 86 313
2 306 36 42 967
1 200 25 60 552
1 217 24 59 946
1 161 23 51 751
0 211 71 50 614
10 165 51 46 880
1 308 46 47 237
1 191 22 42 405
1 105 18 40 519
2 119 21 28 351
1 291 29 76 285
2 422 86 53 163
2 404 45 40 188
2 358 49 47 219
2 344 41 46 230
2 269 29 30 256
2 268 17 20 297
2 247 39 27 443
2 243 27 30 443
2 259 29 35 293
3 278 38 58 174
1 193 27 59 288
2 233 36 29 281
1 187 20 63 276
1 179 16 31 643
1 108 14 28 677
1 223 25 50 1183
1 231 25 53 995
1 77 18 31 458
1 167 23 54 295
2 271 33 44 108
1 90 17 37 651
0 75 71 44 557
0 63 111 41 645
1 46 13 22 477
1 84 17 29 325
1 104 18 35 200
2 46 13 27 287
1 44 15 14 325
1 180 21 55 125
1 87 17 32 284
1 96 15 31 232
1 84 15 35 226
2 249 31 30 275
1 122 22 37 175
1 121 27 45 161
1 163 24 49 68
1 210 25 59 53
1 64 18 19 105
1 186 27 59 3
1 100 17 35 28
1 100 14 32 21
1 86 17 45 23
